[C -> S][72CD][7 bytes]

01 02 01 83 48 B5 01                

[S -> C][B2CD][2 bytes]

01 01                        
                     
[S -> C][B06D][69 bytes]

01 06 10 F9 12 00 00 03 05 31 B0 0E 00 00 00 00   
61 00 00 00 06 36 00 00 00 05 00 00 00 0A 00 00   
00 04 00 00 00 91 00 00 00 64 00 00 00 10 00 00   
00 04 00 00 00 9D 00 00 00 C8 00 00 00 55 00 00   
00 3C 00 00 00                                   

[S -> C][B2CD][2 bytes]

02 00                                                        