---------------------------------------------------------------------------
---------------------------------------------------------------------------
[S -> C][30DF][50 bytes]

40 90 0C 01 14 00 5B 00 58 00 53 00 65 00 6C 00 6F 00 63 00 61 00 6E 00 58 00 5D 00 27 00 73 00 20 00 73 00 74 00 61 00 6C 00 6C 00 2E 00 00 00 00 00                      


40 90 0C -
01 14 - Stall Name length
00 5B 00 58 00 53 00 65 00 6C 00 6F 00 63 00 61 00 6E 00 58 00 5D 00 27 00 73 00 20 00 73 00 74 00 61 00 6C 00 6C 00 2E 00 00 00 00 00 - Stall Name     
---------------------------------------------------------------------------
---------------------------------------------------------------------------                  